# DATOS INICIALES SISTEMA DE CONTAMINACION DEL AIRE - QUITO
# Formato: ID Nombre Latitud Longitud Dia Mes Año PM2.5 PM10 CO2 SO2 NO2 Temperatura Humedad Viento
# Unidades: PM2.5,PM10,SO2,NO2 (μg/m³), CO2 (ppm), Temperatura (°C), Humedad (%), Viento (km/h)
# Limites OMS 2021: PM2.5≤15, PM10≤45, CO2≤1000, SO2≤40, NO2≤25
5
1 Sector_Udlapark -0.2298 -78.5249 1 7 2025 12.5 35.0 750.0 20.0 22.0 21.0 63.0 7.0 0.0
1 Sector_Udlapark -0.2298 -78.5249 1 7 2025 12.5 35.0 750.0 20.0 22.0 21.0 63.0 7.0 0.0
1 Sector_Udlapark -0.2298 -78.5249 1 7 2025 12.5 35.0 750.0 20.0 22.0 21.0 63.0 7.0 0.0
1 Sector_Udlapark -0.2298 -78.5249 1 7 2025 12.5 35.0 750.0 20.0 22.0 21.0 63.0 7.0 0.0
1 Sector_Udlapark -0.2298 -78.5249 1 7 2025 12.5 35.0 750.0 20.0 22.0 21.0 63.0 7.0 0.0
1 Sector_Udlapark -0.2298 -78.5249 1 7 2025 12.5 35.0 750.0 20.0 22.0 21.0 63.0 7.0 0.0
1 Sector_Udlapark -0.2298 -78.5249 1 7 2025 12.5 35.0 750.0 20.0 22.0 21.0 63.0 7.0 0.0
1 Sector_Udlapark -0.2298 -78.5249 1 7 2025 12.5 35.0 750.0 20.0 22.0 21.0 63.0 7.0 0.0
1 Sector_Udlapark -0.2298 -78.5249 1 7 2025 12.5 35.0 750.0 20.0 22.0 21.0 63.0 7.0 0.0
1 Sector_Udlapark -0.2298 -78.5249 1 7 2025 12.5 35.0 750.0 20.0 22.0 21.0 63.0 7.0 0.0
1 Sector_Udlapark -0.2298 -78.5249 1 7 2025 12.5 35.0 750.0 20.0 22.0 21.0 63.0 7.0 0.0
1 Sector_Udlapark -0.2298 -78.5249 1 7 2025 12.5 35.0 750.0 20.0 22.0 21.0 63.0 7.0 0.0
1 Sector_Udlapark -0.2298 -78.5249 1 7 2025 12.5 35.0 750.0 20.0 22.0 21.0 63.0 7.0 0.0
1 Sector_Udlapark -0.2298 -78.5249 1 7 2025 12.5 35.0 750.0 20.0 22.0 21.0 63.0 7.0 0.0
1 Sector_Udlapark -0.2298 -78.5249 1 7 2025 12.5 35.0 750.0 20.0 22.0 21.0 63.0 7.0 0.0
1 Sector_Udlapark -0.2298 -78.5249 1 7 2025 12.5 35.0 750.0 20.0 22.0 21.0 63.0 7.0 0.0
1 Sector_Udlapark -0.2298 -78.5249 1 7 2025 12.5 35.0 750.0 20.0 22.0 21.0 63.0 7.0 0.0
1 Sector_Udlapark -0.2298 -78.5249 1 7 2025 12.5 35.0 750.0 20.0 22.0 21.0 63.0 7.0 0.0
1 Sector_Udlapark -0.2298 -78.5249 1 7 2025 12.5 35.0 750.0 20.0 22.0 21.0 63.0 7.0 0.0
1 Sector_Udlapark -0.2298 -78.5249 1 7 2025 12.5 35.0 750.0 20.0 22.0 21.0 63.0 7.0 0.0
1 Sector_Udlapark -0.2298 -78.5249 1 7 2025 12.5 35.0 750.0 20.0 22.0 21.0 63.0 7.0 0.0
1 Sector_Udlapark -0.2298 -78.5249 1 7 2025 12.5 35.0 750.0 20.0 22.0 21.0 63.0 7.0 0.0
1 Sector_Udlapark -0.2298 -78.5249 1 7 2025 12.5 35.0 750.0 20.0 22.0 21.0 63.0 7.0 0.0
1 Sector_Udlapark -0.2298 -78.5249 1 7 2025 12.5 35.0 750.0 20.0 22.0 21.0 63.0 7.0 0.0
1 Sector_Udlapark -0.2298 -78.5249 1 7 2025 12.5 35.0 750.0 20.0 22.0 21.0 63.0 7.0 0.0
1 Sector_Udlapark -0.2298 -78.5249 1 7 2025 12.5 35.0 750.0 20.0 22.0 21.0 63.0 7.0 0.0
1 Sector_Udlapark -0.2298 -78.5249 1 7 2025 12.5 35.0 750.0 20.0 22.0 21.0 63.0 7.0 0.0
1 Sector_Udlapark -0.2298 -78.5249 1 7 2025 12.5 35.0 750.0 20.0 22.0 21.0 63.0 7.0 0.0
1 Sector_Udlapark -0.2298 -78.5249 1 7 2025 12.5 35.0 750.0 20.0 22.0 21.0 63.0 7.0 0.0
1 Sector_Udlapark -0.2298 -78.5249 1 7 2025 12.5 35.0 750.0 20.0 22.0 21.0 63.0 7.0 0.0
1 Sector_Udlapark -0.2298 -78.5249 1 7 2025 12.5 35.0 750.0 20.0 22.0 21.0 63.0 7.0 0.0
1 Sector_Udlapark -0.2298 -78.5249 1 7 2025 12.5 35.0 750.0 20.0 22.0 21.0 63.0 7.0 0.0
1 Sector_Udlapark -0.2298 -78.5249 1 7 2025 12.5 35.0 750.0 20.0 22.0 21.0 63.0 7.0 0.0
1 Sector_Udlapark -0.2298 -78.5249 1 7 2025 12.5 35.0 750.0 20.0 22.0 21.0 63.0 7.0 0.0
1 Sector_Udlapark -0.2298 -78.5249 1 7 2025 12.5 35.0 750.0 20.0 22.0 21.0 63.0 7.0 0.0
