# DATOS INICIALES SISTEMA DE CONTAMINACION DEL AIRE - QUITO
# Formato: ID Nombre Latitud Longitud Dia Mes Año PM2.5 PM10 CO2 SO2 NO2 Temperatura Humedad Viento
# Unidades: PM2.5,PM10,SO2,NO2 (μg/m³), CO2 (ppm), Temperatura (°C), Humedad (%), Viento (km/h)
# Limites OMS 2021: PM2.5≤15, PM10≤45, CO2≤1000, SO2≤40, NO2≤25
5
1 Sector_Udlapark -0.2298 -78.5249 1 7 2025 18.5 42.0 850.0 28.0 32.0 21.0 63.0 7.0
1 Sector_Udlapark -0.2298 -78.5249 2 7 2025 19.2 43.5 875.0 29.5 33.5 21.5 63.5 7.5
1 Sector_Udlapark -0.2298 -78.5249 3 7 2025 17.8 41.2 825.0 27.2 31.2 22.0 64.0 8.0
1 Sector_Udlapark -0.2298 -78.5249 4 7 2025 20.1 44.8 890.0 30.8 35.2 22.5 65.0 8.5
1 Sector_Udlapark -0.2298 -78.5249 5 7 2025 16.5 40.5 810.0 26.0 30.0 23.0 66.0 9.0
1 Sector_Udlapark -0.2298 -78.5249 6 7 2025 18.0 42.5 860.0 28.5 32.5 22.2 65.2 8.2
1 Sector_Udlapark -0.2298 -78.5249 7 7 2025 17.2 41.0 845.0 27.8 31.8 22.0 65.0 8.0
2 Mitad_del_Mundo -0.0022 -78.4558 1 7 2025 12.5 35.0 720.0 18.0 22.0 19.0 58.0 11.0
2 Mitad_del_Mundo -0.0022 -78.4558 2 7 2025 13.2 36.5 745.0 19.5 23.5 19.5 58.5 11.5
2 Mitad_del_Mundo -0.0022 -78.4558 3 7 2025 11.8 34.2 695.0 17.2 21.2 20.0 59.0 12.0
2 Mitad_del_Mundo -0.0022 -78.4558 4 7 2025 14.1 37.8 765.0 20.8 24.8 20.5 60.0 12.5
2 Mitad_del_Mundo -0.0022 -78.4558 5 7 2025 10.5 33.0 680.0 16.0 20.0 21.0 61.0 13.0
2 Mitad_del_Mundo -0.0022 -78.4558 6 7 2025 12.8 35.5 725.0 18.5 22.5 20.2 60.2 12.2
2 Mitad_del_Mundo -0.0022 -78.4558 7 7 2025 12.0 35.0 720.0 18.0 22.0 20.0 60.0 12.0
3 Parque_la_Carolina -0.1807 -78.4678 1 7 2025 15.8 39.0 780.0 24.0 28.0 23.0 68.0 5.0
3 Parque_la_Carolina -0.1807 -78.4678 2 7 2025 16.5 40.5 805.0 25.5 29.5 23.5 68.5 5.5
3 Parque_la_Carolina -0.1807 -78.4678 3 7 2025 14.2 37.8 755.0 22.8 26.8 24.0 69.0 6.0
3 Parque_la_Carolina -0.1807 -78.4678 4 7 2025 17.8 42.2 830.0 27.2 31.2 24.5 70.0 6.5
3 Parque_la_Carolina -0.1807 -78.4678 5 7 2025 13.5 36.5 735.0 21.0 25.0 25.0 71.0 7.0
3 Parque_la_Carolina -0.1807 -78.4678 6 7 2025 15.2 38.8 785.0 23.8 27.8 24.2 70.2 6.2
3 Parque_la_Carolina -0.1807 -78.4678 7 7 2025 15.0 38.5 780.0 24.0 28.0 24.0 70.0 6.0
4 El_Panecillo -0.2274 -78.5170 1 7 2025 9.8 28.0 650.0 12.0 18.0 20.0 53.0 9.0
4 El_Panecillo -0.2274 -78.5170 2 7 2025 10.5 29.5 675.0 13.5 19.5 20.5 53.5 9.5
4 El_Panecillo -0.2274 -78.5170 3 7 2025 8.2 26.8 625.0 11.2 16.8 21.0 54.0 10.0
4 El_Panecillo -0.2274 -78.5170 4 7 2025 11.8 31.2 700.0 15.2 21.2 21.5 55.0 10.5
4 El_Panecillo -0.2274 -78.5170 5 7 2025 7.5 25.0 600.0 10.0 15.0 22.0 56.0 11.0
4 El_Panecillo -0.2274 -78.5170 6 7 2025 9.2 27.8 640.0 12.2 17.8 21.2 55.2 10.2
4 El_Panecillo -0.2274 -78.5170 7 7 2025 9.0 28.0 650.0 12.0 18.0 21.0 55.0 10.0
5 Catedral_Metropolitana -0.2201 -78.5123 1 7 2025 14.2 36.0 760.0 22.0 26.0 22.0 66.0 8.0
5 Catedral_Metropolitana -0.2201 -78.5123 2 7 2025 15.0 37.5 785.0 23.5 27.5 22.5 66.5 8.5
5 Catedral_Metropolitana -0.2201 -78.5123 3 7 2025 12.8 34.8 735.0 20.8 24.8 23.0 67.0 9.0
5 Catedral_Metropolitana -0.2201 -78.5123 4 7 2025 16.2 39.2 810.0 25.2 29.2 23.5 68.0 9.5
5 Catedral_Metropolitana -0.2201 -78.5123 5 7 2025 11.5 33.0 710.0 19.0 23.0 24.0 69.0 10.0
5 Catedral_Metropolitana -0.2201 -78.5123 6 7 2025 13.8 35.8 750.0 21.8 25.8 23.2 68.2 9.2
5 Catedral_Metropolitana -0.2201 -78.5123 7 7 2025 14.0 36.0 760.0 22.0 26.0 23.0 68.0 9.0
